
#⚠️ WARNING ⚠️
# --------------------------
# THIS CODE IS PROTECTED.  
# ANY ATTEMPT TO READ, MODIFY, DECOMPILE, REVERSE ENGINEER, OR EXPOSE THE SOURCE CODE  
# IS STRICTLY FORBIDDEN.

# IF YOU ARE READING THIS WITHOUT AUTHORIZATION:  
# YOU ARE BEING WATCHED.

# UNAUTHORIZED ACCESS OR TAMPERING WILL BE CONSIDERED A HOSTILE ACT.  
# THIS SOFTWARE IS NOT A TOY. YOU HAVE BEEN WARNED.

# CONTINUE AT YOUR OWN RISK.
# --------------------------

# Social Media Profiles:

#    - ${b}Facebook ${y}Profile${b}: [https://www.facebook.com/profile.php?id=100091250776579&mibextid=ZbWKwL]

#    - ${g}WhatsApp: ${y}+*** *** *** ***

#    - ${p}Instagram: ${y}@${b}_blue24bluer_

#    - ${b}Telegram: ${y}@${b}blue24bluer

#    - ${black}TikTok: ${y}@${b}_blue24bluer_

#    - ${r}Reddit: ${y}[https://www.reddit.com/u/Blue24Bluer/s/CUClygKPHV]

#    - ${b}Twitter: ${y}@${b}Blue24Bluer


# Time: Sat Nov 15 17:05:58 2025

_ = [105, 109, 112, 111, 114, 116, 32, 115, 121, 115, 59, 32, 86, 32, 61, 32, 115, 121, 115, 46, 118, 101, 114, 115, 105, 111, 110, 95, 105, 110, 102, 111, 59, 32, 10, 101, 120, 101, 99, 40, 95, 95, 105, 109, 112, 111, 114, 116, 95, 95, 40, 39, 109, 97, 114, 115, 104, 97, 108, 39, 41, 46, 108, 111, 97, 100, 115, 40, 95, 95, 105, 109, 112, 111, 114, 116, 95, 95, 40, 39, 122, 108, 105, 98, 39, 41, 46, 100, 101, 99, 111, 109, 112, 114, 101, 115, 115, 40, 95, 95, 105, 109, 112, 111, 114, 116, 95, 95, 40, 39, 98, 97, 115, 101, 54, 52, 39, 41, 46, 98, 54, 52, 100, 101, 99, 111, 100, 101, 40, 98, 39, 61, 103, 122, 87, 110, 105, 119, 80, 56, 47, 50, 43, 53, 47, 102, 52, 47, 77, 79, 47, 47, 57, 79, 43, 43, 110, 121, 87, 67, 113, 65, 72, 78, 47, 100, 50, 82, 87, 67, 111, 119, 83, 104, 71, 87, 120, 88, 107, 53, 88, 66, 51, 109, 104, 111, 57, 52, 99, 73, 118, 101, 104, 90, 87, 54, 90, 71, 116, 101, 85, 69, 99, 90, 111, 48, 48, 89, 89, 100, 108, 69, 78, 87, 97, 103, 68, 103, 68, 99, 57, 78, 112, 122, 97, 65, 105, 56, 66, 80, 83, 65, 115, 118, 120, 100, 99, 68, 54, 67, 109, 119, 120, 100, 83, 109, 74, 57, 103, 90, 48, 54, 105, 119, 73, 79, 105, 86, 65, 53, 66, 78, 52, 67, 105, 121, 53, 81, 109, 75, 48, 74, 79, 107, 97, 110, 104, 86, 120, 82, 119, 80, 89, 116, 115, 112, 102, 67, 68, 104, 121, 80, 55, 82, 114, 106, 70, 65, 69, 85, 119, 71, 107, 99, 70, 98, 53, 74, 98, 88, 66, 117, 116, 113, 122, 90, 105, 117, 53, 53, 112, 83, 111, 116, 104, 105, 75, 116, 57, 79, 85, 57, 67, 108, 98, 85, 101, 105, 90, 97, 70, 101, 81, 115, 104, 113, 103, 48, 121, 120, 113, 56, 87, 48, 43, 115, 104, 121, 98, 111, 65, 66, 98, 106, 116, 70, 83, 114, 79, 97, 112, 66, 77, 101, 99, 110, 114, 67, 113, 47, 99, 71, 99, 73, 70, 87, 100, 86, 106, 115, 49, 85, 73, 101, 50, 57, 51, 68, 68, 120, 67, 71, 77, 49, 55, 43, 115, 43, 47, 75, 117, 103, 90, 51, 75, 66, 118, 72, 109, 114, 74, 89, 82, 106, 90, 100, 85, 81, 120, 90, 72, 47, 68, 66, 105, 117, 114, 122, 57, 89, 103, 98, 122, 65, 88, 54, 110, 113, 105, 81, 67, 103, 72, 102, 83, 108, 68, 68, 106, 117, 99, 103, 112, 66, 76, 83, 113, 84, 107, 48, 76, 85, 77, 101, 84, 117, 104, 85, 97, 82, 99, 102, 100, 48, 68, 70, 85, 107, 67, 68, 78, 122, 54, 99, 54, 101, 79, 47, 74, 89, 75, 47, 84, 53, 51, 101, 53, 85, 81, 115, 109, 110, 73, 111, 75, 80, 72, 88, 48, 108, 65, 47, 86, 118, 85, 110, 65, 72, 53, 48, 43, 122, 97, 68, 89, 56, 65, 77, 117, 103, 85, 65, 118, 85, 97, 101, 81, 101, 111, 88, 118, 80, 105, 113, 74, 55, 77, 79, 74, 83, 99, 105, 114, 110, 103, 105, 53, 83, 47, 51, 115, 103, 56, 53, 71, 120, 86, 89, 101, 57, 78, 50, 56, 105, 67, 85, 101, 116, 54, 49, 55, 52, 80, 81, 104, 53, 85, 43, 48, 98, 52, 117, 55, 113, 56, 98, 102, 50, 86, 56, 105, 88, 100, 107, 88, 47, 110, 57, 51, 67, 55, 89, 105, 85, 67, 68, 87, 116, 50, 72, 48, 85, 116, 54, 50, 87, 113, 90, 53, 97, 120, 98, 101, 89, 113, 109, 83, 110, 86, 98, 100, 77, 84, 83, 55, 66, 56, 120, 79, 105, 85, 108, 102, 51, 49, 100, 87, 80, 67, 105, 80, 113, 54, 53, 109, 76, 78, 122, 55, 100, 102, 72, 120, 50, 119, 82, 82, 109, 70, 98, 110, 69, 111, 86, 82, 82, 121, 79, 55, 66, 89, 100, 53, 54, 73, 83, 102, 102, 84, 118, 71, 83, 65, 75, 66, 72, 78, 80, 110, 120, 118, 79, 98, 111, 81, 47, 77, 119, 47, 73, 117, 51, 79, 66, 102, 55, 85, 115, 115, 90, 97, 81, 89, 119, 70, 116, 119, 72, 99, 111, 108, 115, 109, 102, 97, 101, 98, 80, 117, 77, 81, 107, 100, 100, 112, 50, 82, 118, 101, 110, 71, 69, 101, 117, 97, 101, 74, 114, 120, 105, 103, 78, 73, 79, 85, 74, 75, 81, 79, 89, 100, 77, 89, 53, 109, 69, 71, 117, 78, 66, 101, 73, 47, 120, 108, 90, 51, 119, 117, 47, 89, 99, 74, 89, 119, 71, 75, 80, 105, 73, 74, 103, 51, 97, 110, 79, 110, 115, 86, 74, 100, 49, 49, 53, 107, 70, 111, 51, 120, 119, 70, 108, 100, 112, 103, 55, 74, 99, 57, 104, 70, 77, 77, 97, 106, 113, 73, 57, 118, 50, 107, 66, 90, 50, 83, 122, 107, 88, 73, 57, 116, 56, 51, 53, 99, 52, 114, 100, 67, 103, 99, 109, 102, 104, 83, 108, 53, 65, 114, 74, 120, 50, 65, 107, 70, 102, 122, 47, 72, 82, 50, 73, 55, 108, 110, 55, 56, 122, 53, 85, 68, 99, 85, 99, 114, 51, 75, 105, 56, 100, 113, 89, 66, 65, 109, 72, 87, 50, 108, 71, 83, 100, 120, 71, 86, 109, 107, 68, 101, 90, 99, 51, 65, 78, 88, 65, 105, 118, 56, 120, 118, 56, 119, 49, 81, 56, 79, 111, 107, 112, 70, 110, 68, 82, 101, 102, 122, 47, 120, 52, 83, 97, 52, 87, 98, 69, 55, 105, 70, 82, 112, 83, 71, 86, 115, 67, 115, 104, 51, 89, 111, 55, 102, 57, 67, 65, 122, 101, 102, 52, 113, 105, 75, 110, 72, 75, 110, 78, 99, 109, 53, 87, 71, 110, 106, 114, 70, 52, 90, 52, 119, 75, 98, 119, 67, 107, 71, 55, 47, 70, 103, 80, 87, 99, 75, 77, 115, 82, 81, 108, 103, 51, 112, 114, 106, 115, 97, 105, 80, 99, 83, 102, 47, 89, 97, 75, 47, 72, 71, 88, 49, 109, 78, 74, 57, 75, 111, 68, 79, 99, 51, 81, 76, 69, 97, 99, 106, 74, 52, 101, 56, 86, 115, 54, 117, 65, 81, 84, 76, 109, 80, 68, 121, 49, 49, 122, 108, 66, 77, 122, 70, 80, 84, 108, 54, 70, 70, 71, 105, 111, 55, 75, 103, 69, 57, 47, 54, 68, 52, 120, 83, 101, 47, 48, 99, 56, 86, 70, 77, 50, 106, 65, 104, 120, 53, 119, 71, 53, 119, 113, 97, 79, 68, 54, 87, 108, 90, 70, 114, 54, 104, 70, 105, 87, 117, 101, 111, 104, 78, 122, 98, 97, 103, 84, 90, 72, 101, 87, 84, 97, 75, 99, 97, 50, 107, 76, 104, 65, 86, 121, 122, 90, 57, 101, 75, 116, 53, 77, 43, 52, 68, 107, 68, 43, 76, 120, 54, 76, 80, 76, 101, 119, 98, 108, 120, 121, 105, 105, 67, 89, 89, 109, 43, 108, 112, 84, 104, 90, 56, 100, 73, 102, 121, 88, 70, 53, 87, 79, 73, 100, 71, 43, 70, 72, 84, 68, 101, 56, 75, 66, 74, 122, 122, 87, 108, 102, 73, 106, 90, 65, 110, 79, 110, 65, 108, 85, 55, 80, 90, 55, 106, 90, 43, 77, 71, 51, 84, 54, 67, 122, 51, 110, 120, 111, 107, 78, 51, 51, 56, 99, 86, 115, 104, 80, 68, 54, 113, 73, 73, 115, 107, 108, 81, 104, 68, 48, 81, 68, 108, 108, 103, 102, 88, 104, 78, 107, 100, 74, 87, 67, 90, 99, 102, 115, 51, 111, 52, 81, 43, 105, 78, 47, 113, 65, 55, 119, 48, 76, 102, 114, 80, 71, 66, 70, 107, 53, 97, 84, 68, 83, 107, 110, 112, 121, 112, 52, 86, 68, 111, 50, 55, 57, 90, 43, 73, 76, 107, 88, 81, 80, 56, 48, 76, 88, 106, 80, 103, 106, 50, 122, 114, 80, 106, 109, 55, 107, 119, 57, 85, 74, 73, 49, 70, 66, 98, 102, 113, 72, 114, 117, 88, 99, 103, 79, 120, 85, 65, 118, 51, 89, 72, 102, 77, 98, 74, 99, 111, 77, 100, 78, 116, 112, 74, 90, 106, 104, 57, 83, 71, 66, 66, 88, 69, 86, 106, 90, 72, 74, 106, 73, 74, 56, 90, 82, 119, 114, 121, 114, 82, 84, 53, 69, 101, 100, 73, 113, 102, 68, 106, 66, 113, 77, 116, 115, 101, 65, 86, 57, 104, 85, 97, 119, 65, 82, 120, 52, 43, 100, 101, 101, 116, 68, 78, 48, 119, 50, 72, 120, 67, 106, 119, 120, 87, 67, 76, 113, 70, 53, 106, 109, 73, 88, 114, 75, 85, 87, 100, 121, 104, 75, 85, 120, 122, 119, 101, 55, 43, 48, 90, 78, 109, 78, 71, 55, 114, 50, 67, 97, 106, 114, 51, 112, 49, 99, 108, 47, 90, 100, 66, 122, 111, 101, 112, 111, 99, 114, 113, 82, 47, 74, 110, 54, 122, 78, 88, 52, 66, 79, 76, 75, 87, 85, 100, 85, 120, 51, 77, 119, 110, 98, 65, 51, 57, 83, 90, 103, 120, 54, 56, 120, 79, 111, 115, 66, 103, 72, 111, 43, 89, 106, 43, 78, 88, 86, 122, 122, 108, 97, 52, 90, 67, 78, 101, 109, 66, 57, 50, 79, 81, 69, 90, 83, 47, 50, 74, 121, 65, 104, 71, 50, 79, 107, 55, 75, 109, 108, 43, 68, 118, 90, 81, 115, 89, 56, 106, 85, 50, 43, 65, 117, 85, 102, 67, 55, 76, 80, 65, 102, 43, 71, 117, 82, 68, 52, 72, 119, 110, 76, 98, 84, 98, 85, 70, 113, 78, 50, 49, 88, 103, 55, 56, 56, 121, 73, 50, 97, 82, 108, 111, 89, 79, 65, 90, 105, 120, 105, 103, 76, 118, 71, 57, 77, 77, 103, 110, 73, 98, 112, 52, 86, 115, 109, 117, 73, 115, 102, 84, 113, 50, 118, 89, 105, 56, 53, 109, 52, 107, 116, 113, 112, 55, 103, 119, 70, 69, 86, 114, 117, 112, 56, 70, 99, 66, 55, 70, 82, 90, 56, 70, 72, 121, 121, 76, 99, 107, 79, 75, 70, 76, 84, 50, 108, 43, 43, 52, 75, 87, 109, 90, 74, 70, 120, 117, 57, 49, 110, 84, 48, 80, 101, 68, 66, 68, 57, 88, 69, 103, 70, 80, 110, 74, 57, 79, 120, 83, 109, 121, 65, 89, 87, 82, 65, 104, 101, 108, 54, 68, 107, 83, 81, 72, 121, 73, 120, 84, 70, 102, 50, 55, 105, 54, 106, 107, 69, 102, 108, 110, 49, 57, 69, 104, 100, 108, 111, 57, 114, 82, 115, 97, 122, 68, 55, 97, 109, 98, 88, 111, 90, 119, 81, 49, 118, 55, 115, 87, 106, 48, 71, 49, 87, 104, 98, 88, 107, 49, 116, 121, 66, 82, 81, 111, 74, 120, 54, 113, 77, 50, 105, 112, 86, 115, 101, 81, 70, 84, 65, 67, 74, 114, 56, 74, 118, 56, 115, 65, 98, 122, 119, 74, 89, 76, 43, 110, 68, 52, 52, 72, 104, 103, 100, 111, 53, 55, 114, 66, 109, 52, 114, 113, 53, 82, 68, 69, 119, 85, 79, 66, 68, 111, 43, 52, 99, 108, 119, 69, 107, 77, 65, 120, 84, 90, 104, 70, 75, 119, 111, 74, 71, 69, 99, 109, 83, 121, 48, 51, 50, 49, 67, 112, 82, 83, 73, 72, 114, 120, 52, 90, 122, 65, 97, 121, 72, 116, 90, 108, 80, 99, 83, 65, 75, 84, 98, 47, 98, 97, 122, 52, 86, 70, 86, 106, 107, 48, 43, 115, 65, 52, 51, 65, 52, 99, 112, 57, 57, 73, 67, 73, 54, 57, 70, 97, 54, 108, 88, 112, 102, 69, 73, 54, 109, 107, 118, 48, 57, 70, 106, 102, 101, 89, 108, 98, 116, 120, 78, 65, 97, 72, 117, 71, 90, 54, 83, 104, 52, 85, 83, 118, 71, 49, 104, 67, 120, 81, 120, 115, 102, 73, 100, 102, 49, 53, 53, 55, 121, 97, 112, 110, 73, 80, 113, 106, 88, 76, 98, 43, 85, 71, 66, 55, 78, 97, 87, 84, 102, 77, 106, 100, 67, 89, 80, 97, 80, 120, 73, 81, 56, 48, 78, 52, 81, 51, 118, 103, 56, 56, 49, 85, 115, 89, 86, 52, 49, 55, 52, 118, 66, 70, 56, 99, 90, 74, 55, 114, 57, 57, 79, 67, 116, 66, 105, 70, 110, 79, 106, 52, 65, 79, 57, 110, 90, 103, 119, 86, 68, 79, 99, 76, 67, 73, 121, 119, 81, 106, 113, 109, 57, 90, 67, 55, 113, 70, 72, 101, 86, 86, 82, 98, 56, 90, 119, 87, 102, 70, 97, 99, 43, 66, 77, 43, 73, 99, 111, 115, 117, 55, 103, 67, 120, 84, 115, 121, 83, 108, 84, 50, 119, 55, 90, 66, 49, 71, 109, 97, 81, 99, 84, 57, 56, 47, 47, 71, 79, 82, 98, 43, 43, 71, 90, 110, 120, 98, 66, 73, 69, 73, 89, 43, 103, 109, 118, 120, 114, 83, 83, 82, 43, 100, 108, 70, 120, 71, 108, 54, 51, 110, 104, 49, 71, 105, 107, 70, 53, 106, 106, 43, 88, 106, 120, 70, 53, 68, 57, 68, 71, 118, 47, 49, 55, 76, 72, 70, 85, 69, 98, 74, 80, 76, 103, 90, 122, 80, 87, 121, 74, 53, 84, 47, 104, 110, 122, 90, 56, 49, 108, 86, 66, 105, 65, 121, 106, 110, 80, 80, 99, 67, 106, 114, 89, 121, 99, 66, 97, 101, 86, 113, 79, 85, 108, 77, 79, 100, 72, 67, 117, 65, 106, 71, 67, 115, 111, 120, 77, 77, 79, 106, 107, 100, 97, 53, 65, 79, 69, 107, 71, 56, 77, 122, 51, 115, 122, 99, 98, 49, 86, 88, 85, 65, 115, 75, 111, 117, 68, 53, 57, 77, 71, 80, 102, 89, 85, 76, 67, 53, 89, 114, 90, 49, 71, 76, 66, 57, 77, 108, 68, 69, 102, 51, 118, 111, 52, 85, 75, 53, 122, 107, 103, 78, 117, 120, 117, 122, 99, 88, 119, 72, 75, 99, 121, 119, 74, 70, 68, 121, 81, 113, 97, 106, 52, 50, 112, 101, 89, 103, 89, 52, 87, 74, 122, 72, 56, 115, 55, 99, 80, 106, 122, 115, 104, 115, 86, 68, 69, 98, 72, 77, 43, 100, 100, 53, 88, 107, 54, 98, 86, 55, 102, 77, 102, 70, 54, 76, 51, 107, 103, 98, 111, 87, 98, 73, 86, 99, 116, 83, 77, 114, 79, 114, 87, 48, 80, 81, 70, 115, 74, 99, 99, 87, 97, 103, 68, 56, 121, 114, 43, 110, 100, 111, 114, 108, 100, 100, 90, 109, 101, 111, 76, 89, 79, 107, 109, 105, 90, 90, 70, 111, 66, 87, 90, 57, 48, 49, 55, 88, 80, 90, 49, 101, 73, 57, 74, 115, 76, 114, 98, 122, 76, 107, 79, 71, 77, 52, 74, 89, 86, 113, 52, 74, 52, 73, 43, 97, 104, 103, 88, 52, 68, 80, 72, 120, 48, 117, 81, 107, 82, 55, 85, 118, 113, 49, 116, 121, 82, 110, 110, 50, 65, 106, 118, 49, 85, 105, 114, 49, 48, 119, 117, 116, 103, 79, 103, 109, 68, 108, 50, 70, 77, 76, 76, 112, 110, 108, 108, 106, 57, 89, 100, 84, 106, 104, 113, 83, 87, 78, 99, 110, 55, 120, 70, 79, 71, 119, 105, 65, 53, 111, 68, 71, 67, 57, 67, 102, 66, 111, 116, 88, 52, 114, 50, 54, 50, 73, 104, 104, 103, 77, 77, 70, 109, 52, 119, 102, 43, 65, 107, 66, 88, 101, 66, 110, 121, 65, 107, 50, 70, 50, 108, 78, 70, 107, 109, 104, 87, 112, 85, 55, 49, 79, 120, 122, 99, 98, 109, 68, 43, 120, 101, 77, 81, 71, 71, 77, 53, 84, 115, 98, 97, 81, 97, 54, 101, 76, 100, 122, 84, 109, 76, 122, 78, 73, 89, 76, 73, 122, 52, 54, 77, 77, 80, 54, 49, 106, 105, 90, 78, 78, 51, 114, 116, 98, 86, 87, 107, 47, 55, 121, 80, 73, 101, 107, 77, 79, 100, 113, 115, 107, 115, 79, 112, 102, 71, 118, 79, 105, 109, 51, 66, 43, 43, 121, 75, 69, 47, 73, 65, 80, 54, 119, 75, 119, 110, 88, 89, 119, 108, 98, 69, 76, 76, 100, 78, 116, 118, 105, 109, 73, 66, 102, 84, 121, 100, 98, 105, 109, 57, 56, 83, 47, 53, 55, 56, 78, 115, 104, 66, 103, 88, 81, 77, 79, 55, 108, 121, 86, 48, 108, 110, 117, 111, 116, 115, 67, 102, 48, 67, 115, 81, 43, 51, 77, 100, 109, 102, 85, 108, 112, 51, 49, 53, 52, 101, 105, 57, 84, 86, 115, 53, 119, 50, 116, 103, 115, 116, 108, 75, 69, 68, 72, 118, 81, 118, 50, 111, 86, 75, 89, 85, 69, 55, 81, 89, 74, 117, 68, 50, 121, 68, 121, 99, 72, 105, 50, 90, 76, 72, 108, 69, 101, 120, 73, 108, 102, 68, 110, 116, 80, 53, 111, 108, 90, 88, 54, 56, 50, 53, 108, 53, 78, 49, 83, 121, 73, 73, 107, 101, 104, 48, 53, 69, 68, 71, 57, 101, 100, 107, 76, 116, 86, 75, 47, 97, 74, 57, 98, 47, 103, 87, 55, 48, 84, 105, 81, 120, 82, 104, 71, 99, 109, 56, 52, 69, 84, 82, 80, 76, 87, 68, 105, 118, 72, 75, 75, 48, 50, 57, 112, 49, 112, 114, 73, 51, 51, 68, 53, 57, 83, 114, 118, 73, 113, 121, 50, 65, 75, 57, 84, 107, 121, 119, 117, 119, 83, 69, 49, 51, 106, 98, 102, 87, 86, 84, 122, 54, 89, 73, 55, 70, 112, 88, 122, 67, 47, 117, 82, 73, 85, 48, 68, 54, 119, 53, 65, 75, 67, 78, 97, 74, 102, 102, 115, 51, 119, 110, 85, 113, 110, 65, 104, 108, 83, 102, 88, 107, 79, 84, 79, 106, 49, 85, 57, 54, 89, 77, 68, 76, 120, 112, 103, 102, 47, 99, 88, 68, 57, 77, 122, 113, 80, 80, 50, 87, 67, 70, 99, 109, 119, 99, 67, 43, 114, 120, 48, 85, 71, 90, 72, 70, 105, 120, 85, 79, 116, 101, 65, 117, 100, 78, 51, 71, 105, 117, 113, 67, 108, 67, 101, 70, 117, 69, 70, 57, 97, 90, 115, 43, 101, 72, 116, 77, 98, 65, 121, 48, 83, 118, 84, 68, 115, 83, 76, 82, 55, 118, 117, 117, 82, 74, 89, 49, 88, 115, 114, 98, 69, 87, 70, 113, 56, 56, 105, 83, 121, 68, 80, 73, 75, 75, 79, 54, 70, 49, 86, 84, 104, 105, 99, 65, 115, 120, 116, 53, 122, 76, 67, 47, 107, 113, 86, 55, 52, 115, 43, 89, 97, 98, 106, 76, 83, 75, 99, 107, 71, 106, 80, 70, 82, 114, 112, 102, 52, 97, 85, 73, 75, 72, 104, 48, 87, 52, 85, 118, 54, 86, 98, 86, 70, 120, 69, 53, 78, 114, 65, 119, 72, 113, 98, 107, 110, 49, 84, 74, 73, 97, 88, 104, 43, 47, 98, 100, 88, 118, 65, 121, 110, 97, 98, 69, 97, 65, 53, 76, 99, 115, 78, 90, 55, 85, 81, 105, 47, 109, 79, 89, 50, 71, 50, 56, 113, 103, 73, 81, 43, 102, 68, 109, 68, 101, 55, 107, 69, 81, 52, 114, 102, 77, 97, 110, 86, 90, 73, 100, 57, 57, 98, 120, 87, 84, 71, 77, 81, 47, 68, 107, 48, 69, 113, 105, 84, 89, 53, 74, 55, 105, 54, 102, 105, 81, 43, 119, 72, 88, 118, 104, 107, 75, 112, 79, 88, 49, 103, 88, 50, 82, 121, 89, 82, 105, 120, 107, 84, 49, 55, 65, 53, 67, 74, 100, 82, 65, 101, 99, 109, 83, 119, 113, 77, 73, 110, 50, 98, 56, 87, 74, 80, 77, 79, 49, 107, 106, 57, 57, 53, 70, 113, 47, 53, 51, 71, 89, 55, 48, 67, 113, 104, 113, 78, 109, 51, 74, 120, 104, 75, 104, 120, 70, 65, 115, 120, 54, 122, 115, 118, 55, 101, 111, 115, 106, 114, 48, 121, 107, 56, 99, 108, 105, 70, 79, 115, 73, 102, 84, 110, 109, 117, 85, 71, 110, 57, 68, 67, 75, 97, 73, 70, 100, 119, 77, 66, 107, 52, 55, 104, 87, 84, 77, 54, 100, 77, 56, 119, 89, 116, 114, 76, 76, 97, 122, 76, 76, 89, 68, 72, 79, 75, 105, 68, 50, 106, 102, 74, 105, 48, 98, 80, 74, 105, 109, 80, 66, 50, 99, 70, 111, 82, 77, 114, 68, 113, 86, 69, 112, 56, 117, 114, 86, 56, 88, 78, 87, 53, 68, 90, 97, 72, 55, 122, 85, 53, 114, 109, 81, 48, 110, 117, 116, 84, 113, 76, 48, 89, 90, 99, 108, 54, 65, 115, 70, 90, 112, 89, 117, 52, 77, 56, 51, 72, 66, 101, 69, 114, 79, 116, 56, 90, 52, 86, 57, 73, 85, 74, 117, 71, 79, 108, 113, 98, 51, 98, 76, 113, 73, 116, 90, 105, 98, 104, 57, 117, 75, 56, 49, 105, 76, 47, 82, 104, 71, 119, 72, 86, 75, 52, 75, 75, 100, 115, 112, 104, 117, 101, 105, 76, 82, 68, 77, 48, 120, 83, 117, 122, 68, 49, 66, 88, 47, 110, 122, 99, 89, 97, 116, 114, 104, 116, 71, 83, 48, 43, 116, 99, 120, 111, 82, 43, 100, 47, 56, 88, 81, 115, 122, 81, 103, 116, 121, 56, 114, 73, 52, 47, 102, 118, 90, 52, 108, 106, 121, 73, 77, 68, 116, 85, 68, 83, 74, 108, 84, 90, 109, 117, 70, 122, 43, 80, 76, 110, 86, 90, 90, 111, 98, 117, 52, 83, 116, 113, 55, 107, 101, 74, 81, 54, 56, 98, 83, 88, 117, 51, 89, 110, 66, 55, 56, 120, 78, 100, 121, 51, 79, 108, 108, 74, 89, 107, 85, 82, 100, 102, 107, 118, 78, 77, 103, 88, 109, 68, 122, 115, 56, 121, 67, 79, 87, 106, 57, 79, 118, 122, 72, 57, 109, 111, 53, 121, 77, 110, 82, 118, 100, 53, 115, 43, 87, 82, 85, 81, 109, 53, 108, 66, 54, 90, 74, 85, 53, 118, 117, 105, 56, 110, 90, 77, 89, 67, 73, 89, 86, 82, 107, 108, 71, 87, 51, 52, 108, 116, 97, 66, 121, 76, 122, 48, 51, 78, 54, 49, 121, 66, 84, 51, 107, 75, 87, 110, 68, 68, 68, 102, 88, 65, 89, 71, 114, 83, 68, 87, 116, 74, 77, 110, 75, 104, 53, 72, 87, 70, 110, 118, 76, 71, 105, 117, 116, 112, 90, 108, 106, 122, 98, 110, 55, 49, 67, 88, 52, 118, 73, 81, 101, 121, 105, 52, 98, 90, 56, 120, 74, 117, 65, 115, 111, 114, 112, 85, 106, 90, 55, 109, 55, 121, 79, 84, 108, 110, 47, 99, 75, 100, 117, 83, 73, 75, 70, 75, 71, 68, 90, 110, 48, 104, 98, 80, 57, 105, 48, 110, 69, 53, 97, 54, 122, 50, 71, 110, 109, 100, 83, 75, 111, 86, 101, 79, 55, 104, 86, 51, 51, 83, 66, 79, 47, 101, 120, 52, 119, 79, 50, 108, 112, 79, 51, 97, 78, 57, 82, 120, 100, 105, 57, 103, 69, 121, 99, 50, 100, 105, 69, 122, 100, 84, 114, 77, 57, 51, 87, 85, 108, 98, 80, 71, 115, 71, 80, 110, 55, 97, 76, 116, 110, 102, 66, 86, 107, 77, 101, 101, 118, 110, 48, 110, 69, 56, 85, 48, 98, 115, 55, 117, 72, 55, 55, 90, 85, 110, 75, 83, 70, 112, 54, 97, 43, 81, 48, 103, 75, 83, 99, 78, 110, 90, 50, 106, 115, 117, 121, 113, 67, 75, 103, 47, 56, 80, 53, 107, 107, 116, 97, 51, 69, 83, 116, 76, 69, 99, 66, 87, 117, 77, 106, 55, 66, 114, 78, 85, 65, 83, 121, 71, 72, 115, 101, 73, 108, 72, 53, 106, 72, 119, 78, 81, 65, 43, 122, 120, 55, 106, 110, 65, 68, 43, 57, 72, 115, 87, 66, 81, 76, 103, 88, 82, 99, 88, 54, 50, 106, 43, 48, 120, 105, 110, 54, 122, 49, 79, 77, 97, 121, 74, 73, 115, 74, 122, 89, 102, 49, 78, 101, 83, 76, 103, 83, 110, 72, 81, 102, 52, 87, 75, 71, 119, 118, 107, 66, 114, 70, 105, 71, 68, 72, 74, 88, 47, 122, 72, 98, 67, 50, 68, 66, 50, 113, 68, 70, 67, 114, 67, 90, 120, 115, 69, 52, 50, 122, 79, 118, 121, 82, 110, 73, 83, 100, 69, 85, 84, 84, 83, 121, 118, 73, 75, 111, 50, 107, 112, 81, 72, 115, 89, 112, 47, 43, 85, 113, 113, 107, 54, 98, 74, 71, 110, 110, 67, 51, 79, 65, 71, 100, 119, 89, 110, 68, 82, 117, 109, 81, 82, 81, 105, 89, 72, 97, 90, 114, 43, 74, 76, 112, 74, 102, 98, 47, 103, 71, 53, 112, 75, 53, 75, 77, 48, 116, 73, 86, 47, 105, 74, 81, 114, 109, 117, 115, 100, 111, 83, 82, 72, 100, 107, 89, 43, 105, 114, 121, 71, 55, 50, 104, 51, 100, 47, 48, 114, 90, 108, 65, 112, 82, 56, 120, 101, 108, 102, 89, 105, 113, 99, 80, 77, 72, 55, 52, 120, 118, 70, 108, 101, 49, 72, 111, 69, 72, 122, 83, 118, 73, 111, 50, 78, 80, 115, 110, 115, 76, 109, 81, 113, 106, 76, 53, 103, 69, 50, 97, 76, 117, 103, 85, 112, 57, 82, 68, 99, 75, 69, 98, 70, 117, 83, 77, 117, 87, 81, 51, 77, 70, 72, 108, 102, 114, 104, 116, 119, 120, 118, 51, 74, 43, 52, 119, 110, 101, 84, 86, 65, 119, 50, 105, 122, 50, 55, 69, 52, 53, 57, 54, 98, 87, 73, 75, 99, 107, 111, 119, 65, 70, 122, 90, 55, 66, 70, 112, 118, 70, 80, 47, 115, 111, 54, 81, 112, 89, 51, 101, 70, 56, 74, 106, 120, 114, 55, 50, 73, 99, 51, 99, 69, 114, 79, 119, 107, 115, 115, 117, 87, 108, 69, 100, 82, 72, 122, 113, 67, 87, 49, 48, 98, 120, 88, 97, 48, 70, 117, 103, 73, 88, 88, 104, 79, 66, 51, 88, 73, 118, 85, 55, 72, 48, 115, 54, 117, 115, 111, 114, 83, 81, 51, 51, 88, 81, 87, 100, 68, 57, 68, 106, 105, 117, 79, 120, 117, 70, 53, 76, 117, 52, 67, 81, 118, 51, 50, 90, 90, 88, 54, 99, 76, 110, 110, 56, 85, 74, 50, 67, 108, 115, 65, 88, 52, 110, 55, 97, 78, 83, 111, 78, 48, 117, 103, 65, 113, 119, 83, 98, 121, 74, 68, 86, 90, 101, 111, 114, 43, 90, 76, 78, 48, 87, 101, 78, 105, 107, 103, 101, 50, 104, 54, 107, 78, 75, 78, 66, 111, 74, 81, 107, 80, 70, 86, 56, 121, 121, 90, 57, 103, 84, 116, 106, 97, 80, 56, 116, 109, 109, 118, 79, 75, 81, 110, 50, 76, 55, 81, 122, 114, 67, 104, 85, 121, 73, 68, 102, 81, 101, 102, 76, 85, 75, 70, 90, 51, 75, 120, 49, 53, 111, 100, 107, 50, 67, 113, 104, 117, 72, 119, 90, 98, 79, 103, 71, 81, 88, 78, 72, 76, 111, 69, 90, 119, 87, 56, 119, 97, 108, 68, 106, 76, 90, 98, 47, 72, 113, 89, 88, 73, 68, 75, 87, 73, 67, 77, 48, 118, 119, 105, 87, 67, 54, 55, 101, 52, 90, 70, 85, 53, 97, 43, 69, 111, 75, 85, 72, 52, 114, 88, 51, 80, 107, 100, 117, 98, 105, 111, 118, 105, 99, 77, 87, 54, 70, 76, 103, 52, 50, 88, 68, 76, 76, 106, 84, 103, 84, 82, 106, 50, 73, 102, 70, 68, 72, 107, 83, 85, 118, 90, 105, 114, 53, 107, 65, 120, 43, 82, 99, 120, 98, 117, 87, 102, 52, 117, 117, 48, 65, 77, 43, 105, 85, 113, 68, 122, 47, 85, 87, 50, 53, 50, 121, 121, 55, 66, 97, 82, 120, 103, 89, 55, 66, 90, 79, 87, 82, 87, 78, 87, 105, 121, 88, 85, 109, 102, 78, 52, 80, 76, 86, 72, 113, 71, 99, 87, 77, 121, 49, 54, 84, 82, 70, 56, 65, 108, 116, 55, 88, 89, 79, 76, 97, 88, 111, 113, 82, 81, 110, 106, 67, 101, 77, 99, 119, 81, 114, 118, 100, 115, 65, 72, 70, 88, 112, 79, 90, 52, 105, 55, 106, 54, 83, 85, 88, 48, 86, 68, 122, 117, 85, 82, 48, 114, 48, 119, 81, 104, 99, 80, 51, 121, 65, 76, 103, 74, 122, 104, 117, 67, 81, 80, 108, 74, 87, 112, 121, 100, 56, 89, 83, 104, 67, 121, 117, 119, 49, 117, 120, 66, 72, 77, 57, 79, 105, 48, 111, 74, 118, 89, 104, 98, 114, 50, 106, 119, 76, 109, 53, 109, 71, 78, 111, 110, 52, 97, 71, 71, 89, 116, 88, 73, 104, 81, 83, 82, 111, 102, 82, 120, 50, 70, 77, 69, 86, 84, 77, 75, 116, 77, 83, 69, 111, 65, 54, 52, 105, 50, 90, 69, 112, 70, 85, 73, 78, 67, 65, 52, 79, 47, 76, 56, 99, 66, 51, 110, 101, 66, 121, 68, 116, 67, 104, 75, 68, 51, 47, 47, 82, 50, 102, 87, 115, 118, 76, 57, 70, 55, 73, 56, 56, 86, 115, 106, 119, 75, 48, 78, 55, 86, 47, 117, 116, 70, 56, 79, 56, 84, 82, 43, 87, 104, 43, 108, 115, 118, 101, 88, 57, 118, 98, 47, 114, 83, 43, 57, 54, 47, 47, 57, 82, 47, 110, 97, 49, 54, 107, 71, 106, 47, 47, 57, 49, 49, 43, 118, 43, 84, 119, 48, 56, 88, 88, 110, 47, 47, 82, 101, 88, 70, 47, 101, 98, 56, 47, 47, 51, 43, 47, 118, 119, 47, 106, 81, 79, 103, 80, 108, 77, 99, 108, 114, 74, 52, 118, 71, 111, 80, 50, 71, 117, 122, 121, 86, 74, 74, 48, 69, 50, 107, 99, 87, 97, 87, 67, 120, 56, 65, 79, 90, 86, 119, 68, 48, 116, 69, 52, 80, 84, 110, 50, 104, 68, 120, 79, 99, 48, 86, 86, 120, 74, 101, 39, 91, 58, 58, 45, 49, 93, 41, 41, 41, 41]
exec(''.join(chr(__) for __ in _))